0,000	740,000
0,010	691,000
0,020	707,000
0,030	717,000
0,040	706,000
0,050	720,000
0,060	689,000
0,070	771,000
0,080	694,000
0,090	700,000
0,100	712,000
0,110	710,000
0,120	744,000
0,130	2015,000
0,140	788,000
0,150	694,000
0,160	721,000
0,170	716,000
0,180	750,000
0,190	701,000
0,200	738,000
0,210	717,000
0,220	697,000
0,230	758,000
0,240	698,000
0,250	731,000
0,260	690,000
0,270	694,000
0,280	679,000
0,290	697,000
0,300	705,000
0,310	704,000
0,320	782,000
0,330	1887,000
0,340	755,000
0,350	693,000
0,360	692,000
0,370	745,000
0,380	731,000
0,390	695,000
0,400	707,000
0,410	692,000
0,420	721,000
0,430	732,000
0,440	729,000
0,450	1967,000
0,460	745,000
0,470	668,000
0,480	697,000
0,490	1599,000
0,500	689,000
0,510	1503,000
0,520	714,000
0,530	756,000
0,540	722,000
0,550	746,000
0,560	715,000
0,570	679,000
0,580	773,000
0,590	738,000
0,600	1695,000
0,610	717,000
0,620	713,000
0,630	759,000
0,640	754,000
0,650	757,000
0,660	686,000
0,670	721,000
0,680	668,000
0,690	691,000
0,700	673,000
0,710	706,000
0,720	725,000
0,730	722,000
0,740	716,000
0,750	766,000
0,760	716,000
0,770	741,000
0,780	697,000
0,790	726,000
0,800	712,000
0,810	724,000
0,820	759,000
0,830	677,000
0,840	734,000
0,850	711,000
0,860	728,000
0,870	725,000
0,880	715,000
0,890	721,000
0,900	694,000
0,910	682,000
0,920	770,000
0,930	683,000
0,940	700,000
0,950	763,000
0,960	734,000
0,970	763,000
0,980	709,000
0,990	684,000
1,000	725,000
1,010	674,000
1,020	700,000
1,030	692,000
1,040	743,000
1,050	705,000
1,060	677,000
1,070	723,000
1,080	708,000
1,090	1679,000
1,100	700,000
1,110	724,000
1,120	730,000
1,130	725,000
1,140	727,000
1,150	693,000
1,160	739,000
1,170	708,000
1,180	748,000
1,190	1951,000
1,200	723,000
1,210	784,000
1,220	732,000
1,230	723,000
1,240	729,000
1,250	701,000
1,260	741,000
1,270	722,000
1,280	672,000
1,290	672,000
1,300	718,000
1,310	736,000
1,320	738,000
1,330	715,000
1,340	744,000
1,350	680,000
1,360	763,000
1,370	738,000
1,380	699,000
1,390	711,000
1,400	702,000
1,410	746,000
1,420	743,000
1,430	753,000
1,440	744,000
1,450	760,000
1,460	738,000
1,470	760,000
1,480	699,000
1,490	725,000
1,500	773,000
1,510	738,000
1,520	654,000
1,530	646,000
1,540	738,000
1,550	722,000
1,560	744,000
1,570	693,000
1,580	658,000
1,590	689,000
1,600	661,000
1,610	717,000
1,620	744,000
1,630	704,000
1,640	680,000
1,650	667,000
1,660	724,000
1,670	692,000
1,680	653,000
1,690	676,000
1,700	707,000
1,710	720,000
1,720	707,000
1,730	782,000
1,740	717,000
1,750	755,000
1,760	685,000
1,770	724,000
1,780	706,000
1,790	711,000
1,800	784,000
1,810	728,000
1,820	716,000
1,830	1615,000
1,840	724,000
1,850	718,000
1,860	710,000
1,870	738,000
1,880	670,000
1,890	740,000
1,900	731,000
1,910	708,000
1,920	716,000
1,930	702,000
1,940	725,000
1,950	710,000
1,960	716,000
1,970	768,000
1,980	782,000
1,990	694,000
2,000	699,000
2,010	702,000
2,020	716,000
2,030	652,000
2,040	686,000
2,050	670,000
2,060	718,000
2,070	1647,000
2,080	723,000
2,090	700,000
2,100	705,000
2,110	711,000
2,120	696,000
2,130	725,000
2,140	696,000
2,150	738,000
2,160	1759,000
2,170	697,000
2,180	725,000
2,190	722,000
2,200	689,000
2,210	748,000
2,220	709,000
2,230	717,000
2,240	726,000
2,250	705,000
2,260	690,000
2,270	708,000
2,280	705,000
2,290	701,000
2,300	714,000
2,310	706,000
2,320	725,000
2,330	734,000
2,340	682,000
2,350	689,000
2,360	714,000
2,370	725,000
2,380	715,000
2,390	723,000
2,400	731,000
2,410	710,000
2,420	729,000
2,430	706,000
2,440	1727,000
2,450	701,000
2,460	732,000
2,470	692,000
2,480	694,000
2,490	709,000
2,500	667,000
2,510	1903,000
2,520	752,000
2,530	694,000
2,540	680,000
2,550	722,000
2,560	694,000
2,570	695,000
2,580	731,000
2,590	712,000
2,600	686,000
2,610	702,000
2,620	1839,000
2,630	733,000
2,640	710,000
2,650	731,000
2,660	756,000
2,670	706,000
2,680	724,000
2,690	680,000
2,700	1807,000
2,710	673,000
2,720	712,000
2,730	724,000
2,740	705,000
2,750	691,000
2,760	740,000
2,770	728,000
2,780	693,000
2,790	728,000
2,800	676,000
2,810	709,000
2,820	2095,000
2,830	729,000
2,840	682,000
2,850	683,000
2,860	686,000
2,870	702,000
2,880	745,000
2,890	712,000
2,900	682,000
2,910	667,000
2,920	685,000
2,930	656,000
2,940	654,000
2,950	694,000
2,960	707,000
2,970	712,000
2,980	642,000
2,990	665,000
3,000	632,000
3,010	678,000
3,020	664,000
3,030	669,000
3,040	636,000
3,050	692,000
3,060	606,000
3,070	672,000
3,080	606,000
3,090	1567,000
3,100	636,000
3,110	631,000
3,120	608,000
3,130	616,000
3,140	643,000
3,150	672,000
3,160	680,000
3,170	650,000
3,180	686,000
3,190	669,000
3,200	646,000
3,210	680,000
3,220	701,000
3,230	1487,000
3,240	646,000
3,250	666,000
3,260	674,000
3,270	675,000
3,280	666,000
3,290	690,000
3,300	649,000
3,310	656,000
3,320	681,000
3,330	669,000
3,340	644,000
3,350	688,000
3,360	736,000
3,370	707,000
3,380	716,000
3,390	722,000
3,400	670,000
3,410	702,000
3,420	721,000
3,430	669,000
3,440	683,000
3,450	677,000
3,460	670,000
3,470	645,000
3,480	716,000
3,490	724,000
3,500	698,000
3,510	694,000
3,520	663,000
3,530	696,000
3,540	689,000
3,550	695,000
3,560	649,000
3,570	693,000
3,580	722,000
3,590	611,000
3,600	710,000
3,610	716,000
3,620	665,000
3,630	683,000
3,640	715,000
3,650	679,000
3,660	709,000
3,670	1471,000
3,680	662,000
3,690	699,000
3,700	674,000
3,710	697,000
3,720	682,000
3,730	1839,000
3,740	712,000
3,750	743,000
3,760	699,000
3,770	1551,000
3,780	686,000
3,790	678,000
3,800	681,000
3,810	740,000
3,820	724,000
3,830	651,000
3,840	2031,000
3,850	1791,000
3,860	720,000
3,870	634,000
3,880	629,000
3,890	727,000
3,900	702,000
3,910	750,000
3,920	714,000
3,930	683,000
3,940	685,000
3,950	1631,000
3,960	651,000
3,970	697,000
3,980	1855,000
3,990	657,000
4,000	716,000
4,010	705,000
4,020	723,000
4,030	709,000
4,040	713,000
4,050	664,000
4,060	728,000
4,070	699,000
4,080	699,000
4,090	1839,000
4,100	1727,000
4,110	737,000
4,120	729,000
4,130	732,000
4,140	668,000
4,150	707,000
4,160	709,000
4,170	715,000
4,180	705,000
4,190	702,000
4,200	653,000
4,210	677,000
4,220	667,000
4,230	689,000
4,240	692,000
4,250	661,000
4,260	660,000
4,270	695,000
4,280	683,000
4,290	710,000
4,300	715,000
4,310	713,000
4,320	739,000
4,330	705,000
4,340	676,000
4,350	694,000
4,360	674,000
4,370	693,000
4,380	699,000
4,390	736,000
4,400	726,000
4,410	690,000
4,420	738,000
4,430	670,000
4,440	1759,000
4,450	657,000
4,460	695,000
4,470	713,000
4,480	721,000
4,490	710,000
4,500	721,000
4,510	736,000
4,520	707,000
4,530	697,000
4,540	748,000
4,550	1903,000
4,560	725,000
4,570	688,000
4,580	685,000
4,590	694,000
4,600	1903,000
4,610	733,000
4,620	690,000
4,630	743,000
4,640	714,000
4,650	1727,000
4,660	706,000
4,670	697,000
4,680	727,000
4,690	706,000
4,700	707,000
4,710	748,000
4,720	692,000
4,730	667,000
4,740	743,000
4,750	731,000
4,760	697,000
4,770	661,000
4,780	691,000
4,790	718,000
4,800	744,000
4,810	692,000
4,820	686,000
4,830	702,000
4,840	709,000
4,850	699,000
4,860	1999,000
4,870	720,000
4,880	734,000
4,890	730,000
4,900	696,000
4,910	715,000
4,920	647,000
4,930	701,000
4,940	699,000
4,950	736,000
4,960	730,000
4,970	750,000
4,980	680,000
4,990	697,000
5,000	706,000
5,010	701,000
5,020	721,000
5,030	710,000
5,040	706,000
5,050	701,000
5,060	723,000
5,070	706,000
5,080	701,000
5,090	660,000
5,100	669,000
5,110	734,000
5,120	679,000
5,130	714,000
5,140	732,000
5,150	699,000
5,160	686,000
5,170	708,000
5,180	657,000
5,190	698,000
5,200	709,000
5,210	700,000
5,220	713,000
5,230	662,000
5,240	712,000
5,250	660,000
5,260	709,000
5,270	659,000
5,280	734,000
5,290	724,000
5,300	738,000
5,310	1551,000
5,320	695,000
5,330	716,000
5,340	681,000
5,350	708,000
5,360	715,000
5,370	701,000
5,380	674,000
5,390	717,000
5,400	1999,000
5,410	1647,000
5,420	733,000
5,430	715,000
5,440	693,000
5,450	715,000
5,460	709,000
5,470	707,000
5,480	705,000
5,490	644,000
5,500	704,000
5,510	666,000
5,520	722,000
5,530	713,000
5,540	699,000
5,550	714,000
5,560	630,000
5,570	1695,000
5,580	676,000
5,590	731,000
5,600	1679,000
5,610	662,000
5,620	710,000
5,630	718,000
5,640	684,000
5,650	656,000
5,660	704,000
5,670	666,000
5,680	676,000
5,690	684,000
5,700	667,000
5,710	706,000
5,720	695,000
5,730	650,000
5,740	718,000
5,750	766,000
5,760	699,000
5,770	693,000
5,780	711,000
5,790	708,000
5,800	668,000
5,810	696,000
5,820	668,000
5,830	734,000
5,840	758,000
5,850	745,000
5,860	1887,000
5,870	715,000
5,880	689,000
5,890	692,000
5,900	690,000
5,910	718,000
5,920	698,000
5,930	652,000
5,940	685,000
5,950	701,000
5,960	707,000
5,970	665,000
5,980	681,000
5,990	678,000
6,000	705,000
6,010	694,000
6,020	754,000
6,030	644,000
6,040	688,000
6,050	675,000
6,060	685,000
6,070	717,000
6,080	702,000
6,090	707,000
6,100	678,000
6,110	699,000
6,120	665,000
6,130	686,000
6,140	668,000
6,150	702,000
6,160	679,000
6,170	708,000
6,180	696,000
6,190	694,000
6,200	725,000
6,210	699,000
6,220	694,000
6,230	674,000
6,240	726,000
6,250	695,000
6,260	720,000
6,270	676,000
6,280	718,000
6,290	681,000
6,300	691,000
6,310	669,000
6,320	690,000
6,330	672,000
6,340	741,000
6,350	692,000
6,360	711,000
6,370	737,000
6,380	658,000
6,390	709,000
6,400	675,000
6,410	708,000
6,420	691,000
6,430	705,000
6,440	630,000
6,450	745,000
6,460	700,000
6,470	677,000
6,480	706,000
6,490	697,000
6,500	702,000
6,510	681,000
6,520	694,000
6,530	718,000
6,540	700,000
6,550	730,000
6,560	681,000
6,570	730,000
6,580	1791,000
6,590	763,000
6,600	727,000
6,610	646,000
6,620	708,000
6,630	757,000
6,640	722,000
6,650	707,000
6,660	669,000
6,670	678,000
6,680	649,000
6,690	693,000
6,700	667,000
6,710	733,000
6,720	1647,000
6,730	622,000
6,740	726,000
6,750	706,000
6,760	757,000
6,770	737,000
6,780	722,000
6,790	684,000
6,800	729,000
6,810	712,000
6,820	730,000
6,830	738,000
6,840	690,000
6,850	748,000
6,860	629,000
6,870	699,000
6,880	688,000
6,890	717,000
6,900	720,000
6,910	695,000
6,920	640,000
6,930	730,000
6,940	681,000
6,950	709,000
6,960	657,000
6,970	679,000
6,980	672,000
6,990	691,000
7,000	692,000
7,010	704,000
7,020	702,000
7,030	675,000
7,040	684,000
7,050	708,000
7,060	1999,000
7,070	702,000
7,080	725,000
7,090	696,000
7,100	704,000
7,110	646,000
7,120	711,000
7,130	724,000
7,140	744,000
7,150	713,000
7,160	701,000
7,170	695,000
7,180	707,000
7,190	657,000
7,200	686,000
7,210	709,000
7,220	707,000
7,230	677,000
7,240	672,000
7,250	684,000
7,260	716,000
7,270	692,000
7,280	693,000
7,290	663,000
7,300	674,000
7,310	683,000
7,320	727,000
7,330	699,000
7,340	675,000
7,350	672,000
7,360	674,000
7,370	675,000
7,380	695,000
7,390	711,000
7,400	665,000
7,410	686,000
7,420	702,000
7,430	702,000
7,440	761,000
7,450	656,000
7,460	698,000
7,470	697,000
7,480	699,000
7,490	683,000
7,500	706,000
7,510	733,000
7,520	695,000
7,530	664,000
7,540	661,000
7,550	1567,000
7,560	702,000
7,570	727,000
7,580	1807,000
7,590	677,000
7,600	674,000
7,610	669,000
7,620	696,000
7,630	670,000
7,640	711,000
7,650	716,000
7,660	674,000
7,670	672,000
7,680	691,000
7,690	674,000
7,700	697,000
7,710	1839,000
7,720	684,000
7,730	684,000
7,740	669,000
7,750	662,000
7,760	672,000
7,770	680,000
7,780	681,000
7,790	685,000
7,800	651,000
7,810	708,000
7,820	659,000
7,830	668,000
7,840	695,000
7,850	701,000
7,860	742,000
7,870	630,000
7,880	709,000
7,890	692,000
7,900	675,000
7,910	670,000
7,920	663,000
7,930	675,000
7,940	709,000
7,950	679,000
7,960	679,000
7,970	667,000
7,980	1823,000
7,990	669,000
8,000	670,000
8,010	721,000
8,020	693,000
8,030	695,000
8,040	692,000
8,050	681,000
8,060	685,000
8,070	702,000
8,080	681,000
8,090	681,000
8,100	666,000
8,110	681,000
8,120	702,000
8,130	650,000
8,140	695,000
8,150	690,000
8,160	680,000
8,170	662,000
8,180	667,000
8,190	661,000
8,200	658,000
8,210	1775,000
8,220	657,000
8,230	646,000
8,240	638,000
8,250	704,000
8,260	712,000
8,270	645,000
8,280	717,000
8,290	654,000
8,300	631,000
8,310	657,000
8,320	643,000
8,330	677,000
8,340	676,000
8,350	643,000
8,360	721,000
8,370	651,000
8,380	645,000
8,390	684,000
8,400	699,000
8,410	686,000
8,420	716,000
8,430	621,000
8,440	694,000
8,450	625,000
8,460	693,000
8,470	605,000
8,480	644,000
8,490	649,000
8,500	678,000
8,510	641,000
8,520	656,000
8,530	667,000
8,540	642,000
8,550	633,000
8,560	621,000
8,570	628,000
8,580	598,000
8,590	642,000
8,600	646,000
8,610	625,000
8,620	667,000
8,630	616,000
8,640	1439,000
8,650	645,000
8,660	647,000
8,670	604,000
8,680	2111,000
8,690	653,000
8,700	615,000
8,710	1551,000
8,720	613,000
8,730	635,000
8,740	1679,000
8,750	632,000
8,760	627,000
8,770	628,000
8,780	659,000
8,790	664,000
8,800	627,000
8,810	635,000
8,820	616,000
8,830	672,000
8,840	656,000
8,850	640,000
8,860	672,000
8,870	673,000
8,880	649,000
8,890	647,000
8,900	662,000
8,910	707,000
8,920	688,000
8,930	686,000
8,940	666,000
8,950	683,000
8,960	717,000
8,970	728,000
8,980	708,000
8,990	669,000
9,000	711,000
9,010	673,000
9,020	722,000
9,030	699,000
9,040	648,000
9,050	697,000
9,060	706,000
9,070	716,000
9,080	706,000
9,090	741,000
9,100	707,000
9,110	736,000
9,120	724,000
9,130	743,000
9,140	762,000
9,150	746,000
9,160	676,000
9,170	722,000
9,180	743,000
9,190	738,000
9,200	679,000
9,210	745,000
9,220	1871,000
9,230	745,000
9,240	667,000
9,250	718,000
9,260	717,000
9,270	744,000
9,280	692,000
9,290	723,000
9,300	766,000
9,310	710,000
9,320	723,000
9,330	704,000
9,340	699,000
9,350	718,000
9,360	758,000
9,370	730,000
9,380	744,000
9,390	724,000
9,400	711,000
9,410	701,000
9,420	701,000
9,430	726,000
9,440	689,000
9,450	696,000
9,460	743,000
9,470	726,000
9,480	676,000
9,490	760,000
9,500	758,000
9,510	709,000
9,520	716,000
9,530	713,000
9,540	749,000
9,550	720,000
9,560	744,000
9,570	698,000
9,580	700,000
9,590	699,000
9,600	714,000
9,610	724,000
9,620	1791,000
9,630	663,000
9,640	738,000
9,650	700,000
9,660	2319,000
9,670	756,000
9,680	1919,000
9,690	753,000
9,700	684,000
9,710	755,000
9,720	717,000
9,730	724,000
9,740	744,000
9,750	707,000
9,760	757,000
9,770	732,000
9,780	739,000
9,790	714,000
9,800	743,000
9,810	686,000
9,820	717,000
9,830	763,000
9,840	691,000
9,850	700,000
9,860	730,000
9,870	758,000
9,880	739,000
9,890	716,000
9,900	750,000
9,910	747,000
9,920	763,000
9,930	1679,000
9,940	729,000
9,950	800,000
9,960	776,000
9,970	824,000
9,980	753,000
9,990	750,000
10,000	739,000
10,010	731,000
10,020	776,000
10,030	825,000
10,040	736,000
10,050	1887,000
10,060	743,000
10,070	769,000
10,080	1839,000
10,090	1631,000
10,100	729,000
10,110	728,000
10,120	787,000
10,130	743,000
10,140	2031,000
10,150	821,000
10,160	750,000
10,170	812,000
10,180	762,000
10,190	746,000
10,200	798,000
10,210	744,000
10,220	806,000
10,230	726,000
10,240	734,000
10,250	756,000
10,260	817,000
10,270	785,000
10,280	779,000
10,290	754,000
10,300	808,000
10,310	791,000
10,320	740,000
10,330	771,000
10,340	766,000
10,350	737,000
10,360	750,000
10,370	740,000
10,380	793,000
10,390	758,000
10,400	752,000
10,410	739,000
10,420	778,000
10,430	2015,000
10,440	790,000
10,450	773,000
10,460	766,000
10,470	771,000
10,480	754,000
10,490	760,000
10,500	716,000
10,510	810,000
10,520	761,000
10,530	739,000
10,540	830,000
10,550	838,000
10,560	747,000
10,570	753,000
10,580	798,000
10,590	805,000
10,600	794,000
10,610	1871,000
10,620	789,000
10,630	769,000
10,640	796,000
10,650	805,000
10,660	775,000
10,670	758,000
10,680	781,000
10,690	792,000
10,700	2047,000
10,710	776,000
10,720	822,000
10,730	823,000
10,740	776,000
10,750	732,000
10,760	779,000
10,770	768,000
10,780	837,000
10,790	791,000
10,800	811,000
10,810	789,000
10,820	758,000
10,830	824,000
10,840	795,000
10,850	2015,000
10,860	825,000
10,870	826,000
10,880	841,000
10,890	752,000
10,900	809,000
10,910	822,000
10,920	766,000
10,930	801,000
10,940	797,000
10,950	2303,000
10,960	820,000
10,970	1631,000
10,980	835,000
10,990	793,000
11,000	834,000
11,010	796,000
11,020	820,000
11,030	774,000
11,040	811,000
11,050	867,000
11,060	761,000
11,070	856,000
11,080	845,000
11,090	842,000
11,100	2367,000
11,110	846,000
11,120	772,000
11,130	839,000
11,140	854,000
11,150	827,000
11,160	852,000
11,170	822,000
11,180	866,000
11,190	886,000
11,200	864,000
11,210	825,000
11,220	861,000
11,230	2207,000
11,240	920,000
11,250	813,000
11,260	854,000
11,270	855,000
11,280	841,000
11,290	856,000
11,300	872,000
11,310	867,000
11,320	861,000
11,330	851,000
11,340	839,000
11,350	1983,000
11,360	867,000
11,370	885,000
11,380	868,000
11,390	865,000
11,400	899,000
11,410	830,000
11,420	828,000
11,430	890,000
11,440	855,000
11,450	897,000
11,460	873,000
11,470	897,000
11,480	845,000
11,490	898,000
11,500	896,000
11,510	874,000
11,520	889,000
11,530	881,000
11,540	913,000
11,550	876,000
11,560	901,000
11,570	905,000
11,580	2239,000
11,590	824,000
11,600	912,000
11,610	1823,000
11,620	936,000
11,630	944,000
11,640	923,000
11,650	902,000
11,660	902,000
11,670	944,000
11,680	922,000
11,690	918,000
11,700	909,000
11,710	909,000
11,720	904,000
11,730	912,000
11,740	921,000
11,750	960,000
11,760	956,000
11,770	931,000
11,780	925,000
11,790	850,000
11,800	914,000
11,810	928,000
11,820	865,000
11,830	861,000
11,840	928,000
11,850	996,000
11,860	978,000
11,870	976,000
11,880	938,000
11,890	2255,000
11,900	936,000
11,910	906,000
11,920	973,000
11,930	951,000
11,940	934,000
11,950	918,000
11,960	969,000
11,970	2527,000
11,980	960,000
11,990	919,000
12,000	960,000
12,010	953,000
12,020	883,000
12,030	951,000
12,040	986,000
12,050	1008,000
12,060	942,000
12,070	994,000
12,080	996,000
12,090	995,000
12,100	1066,000
12,110	1006,000
12,120	1063,000
12,130	939,000
12,140	1034,000
12,150	969,000
12,160	989,000
12,170	974,000
12,180	949,000
12,190	988,000
12,200	1019,000
12,210	961,000
12,220	3023,000
12,230	1063,000
12,240	1010,000
12,250	1024,000
12,260	1125,000
12,270	1014,000
12,280	1054,000
12,290	1032,000
12,300	1084,000
12,310	2447,000
12,320	1025,000
12,330	1008,000
12,340	1047,000
12,350	1038,000
12,360	2879,000
12,370	1080,000
12,380	1062,000
12,390	1029,000
12,400	1060,000
12,410	1097,000
12,420	1086,000
12,430	1009,000
12,440	1083,000
12,450	1082,000
12,460	1044,000
12,470	1076,000
12,480	1078,000
12,490	1089,000
12,500	2527,000
12,510	1050,000
12,520	1110,000
12,530	1077,000
12,540	1107,000
12,550	1154,000
12,560	1116,000
12,570	1193,000
12,580	1100,000
12,590	1134,000
12,600	1112,000
12,610	1149,000
12,620	1093,000
12,630	1148,000
12,640	1104,000
12,650	2767,000
12,660	1164,000
12,670	1102,000
12,680	1153,000
12,690	2831,000
12,700	3023,000
12,710	1109,000
12,720	1130,000
12,730	1142,000
12,740	1147,000
12,750	1193,000
12,760	1187,000
12,770	1174,000
12,780	1129,000
12,790	1190,000
12,800	1187,000
12,810	1203,000
12,820	1175,000
12,830	1216,000
12,840	1166,000
12,850	1159,000
12,860	1150,000
12,870	2943,000
12,880	1229,000
12,890	1241,000
12,900	1179,000
12,910	1218,000
12,920	1238,000
12,930	1296,000
12,940	1158,000
12,950	1225,000
12,960	1255,000
12,970	1238,000
12,980	1249,000
12,990	1296,000
13,000	1289,000
13,010	1258,000
13,020	1225,000
13,030	1261,000
13,040	1273,000
13,050	1262,000
13,060	1276,000
13,070	1342,000
13,080	1345,000
13,090	1337,000
13,100	1302,000
13,110	1260,000
13,120	3263,000
13,130	1297,000
13,140	1258,000
13,150	1285,000
13,160	1289,000
13,170	1331,000
13,180	1319,000
13,190	1414,000
13,200	1366,000
13,210	1313,000
13,220	1372,000
13,230	1346,000
13,240	1326,000
13,250	1427,000
13,260	1350,000
13,270	1363,000
13,280	1372,000
13,290	1385,000
13,300	1316,000
13,310	1376,000
13,320	1409,000
13,330	1427,000
13,340	1358,000
13,350	1420,000
13,360	1467,000
13,370	1408,000
13,380	1452,000
13,390	1454,000
13,400	1461,000
13,410	1416,000
13,420	1450,000
13,430	1460,000
13,440	1436,000
13,450	1480,000
13,460	1463,000
13,470	1434,000
13,480	1494,000
13,490	1440,000
13,500	1498,000
13,510	1485,000
13,520	4095,000
13,530	3359,000
13,540	1532,000
13,550	1522,000
13,560	4047,000
13,570	1516,000
13,580	1520,000
13,590	3631,000
13,600	1541,000
13,610	1598,000
13,620	1542,000
13,630	1575,000
13,640	1655,000
13,650	1609,000
13,660	1580,000
13,670	3999,000
13,680	1641,000
13,690	1627,000
13,700	1643,000
13,710	1636,000
13,720	159,000
13,730	1669,000
13,740	1692,000
13,750	1610,000
13,760	1626,000
13,770	1682,000
13,780	1682,000
13,790	1658,000
13,800	1645,000
13,810	4191,000
13,820	1590,000
13,830	1702,000
13,840	1741,000
13,850	1703,000
13,860	1665,000
13,870	1744,000
13,880	1764,000
13,890	1772,000
13,900	1766,000
13,910	1833,000
13,920	1729,000
13,930	1827,000
13,940	1800,000
13,950	1766,000
13,960	1779,000
13,970	4319,000
13,980	1810,000
13,990	1851,000
14,000	1851,000
14,010	1929,000
14,020	1835,000
14,030	1837,000
14,040	1875,000
14,050	1885,000
14,060	1944,000
14,070	1950,000
14,080	1981,000
14,090	1921,000
14,100	1975,000
14,110	1953,000
14,120	1936,000
14,130	1970,000
14,140	1994,000
14,150	2019,000
14,160	2011,000
14,170	4991,000
14,180	1988,000
14,190	2054,000
14,200	2062,000
14,210	2073,000
14,220	1986,000
14,230	2133,000
14,240	2040,000
14,250	2126,000
14,260	1487,000
14,270	2103,000
14,280	2122,000
14,290	2150,000
14,300	2168,000
14,310	2120,000
14,320	2147,000
14,330	2172,000
14,340	2222,000
14,350	2234,000
14,360	2232,000
14,370	2138,000
14,380	2212,000
14,390	5167,000
14,400	2200,000
14,410	2297,000
14,420	2272,000
14,430	2245,000
14,440	2246,000
14,450	2366,000
14,460	2372,000
14,470	2360,000
14,480	2378,000
14,490	2279,000
14,500	2491,000
14,510	2442,000
14,520	2393,000
14,530	2375,000
14,540	2486,000
14,550	2492,000
14,560	2491,000
14,570	2493,000
14,580	2432,000
14,590	2535,000
14,600	2536,000
14,610	2520,000
14,620	2621,000
14,630	2577,000
14,640	2570,000
14,650	2683,000
14,660	2598,000
14,670	2553,000
14,680	2660,000
14,690	2701,000
14,700	2673,000
14,710	2731,000
14,720	2681,000
14,730	2683,000
14,740	2759,000
14,750	2718,000
14,760	2638,000
14,770	2692,000
14,780	2790,000
14,790	2929,000
14,800	2886,000
14,810	2755,000
14,820	2806,000
14,830	2929,000
14,840	7151,000
14,850	2845,000
14,860	2989,000
14,870	2907,000
14,880	3091,000
14,890	2942,000
14,900	3065,000
14,910	2952,000
14,920	3008,000
14,930	3081,000
14,940	3084,000
14,950	3026,000
14,960	3238,000
14,970	3098,000
14,980	3143,000
14,990	3191,000
15,000	4319,000
15,010	3278,000
15,020	3217,000
15,030	3230,000
15,040	3261,000
15,050	3390,000
15,060	3364,000
15,070	3275,000
15,080	3425,000
15,090	3380,000
15,100	3424,000
15,110	3481,000
15,120	3543,000
15,130	3468,000
15,140	3557,000
15,150	8399,000
15,160	3587,000
15,170	8351,000
15,180	3602,000
15,190	8831,000
15,200	3699,000
15,210	3666,000
15,220	5663,000
15,230	3742,000
15,240	5631,000
15,250	3827,000
15,260	3717,000
15,270	3820,000
15,280	3846,000
15,290	3795,000
15,300	3941,000
15,310	4009,000
15,320	3906,000
15,330	3885,000
15,340	4141,000
15,350	4132,000
15,360	4049,000
15,370	4089,000
15,380	4126,000
15,390	4043,000
15,400	4179,000
15,410	4181,000
15,420	4205,000
15,430	4046,000
15,440	4230,000
15,450	4310,000
15,460	4300,000
15,470	4330,000
15,480	4346,000
15,490	4381,000
15,500	4375,000
15,510	4469,000
15,520	4426,000
15,530	4468,000
15,540	4574,000
15,550	11711,000
15,560	4716,000
15,570	4662,000
15,580	4593,000
15,590	4640,000
15,600	4770,000
15,610	4773,000
15,620	4877,000
15,630	4781,000
15,640	4791,000
15,650	4899,000
15,660	4910,000
15,670	12527,000
15,680	5041,000
15,690	4938,000
15,700	5076,000
15,710	4964,000
15,720	5001,000
15,730	5158,000
15,740	5192,000
15,750	5133,000
15,760	5226,000
15,770	5220,000
15,780	5230,000
15,790	5188,000
15,800	5353,000
15,810	5367,000
15,820	5465,000
15,830	5573,000
15,840	5516,000
15,850	5528,000
15,860	5541,000
15,870	5676,000
15,880	5672,000
15,890	5665,000
15,900	5661,000
15,910	5758,000
15,920	10879,000
15,930	5691,000
15,940	5803,000
15,950	5996,000
15,960	6035,000
15,970	5884,000
15,980	8255,000
15,990	6050,000
16,000	6028,000
16,010	6112,000
16,020	11103,000
16,030	6001,000
16,040	6256,000
16,050	6219,000
16,060	6212,000
16,070	6354,000
16,080	6407,000
16,090	6448,000
16,100	6218,000
16,110	6488,000
16,120	8863,000
16,130	6449,000
16,140	6576,000
16,150	6570,000
16,160	6672,000
16,170	6676,000
16,180	6818,000
16,190	6710,000
16,200	6860,000
16,210	6679,000
16,220	6862,000
16,230	6976,000
16,240	7041,000
16,250	7120,000
16,260	7047,000
16,270	17439,000
16,280	7145,000
16,290	7153,000
16,300	7168,000
16,310	7156,000
16,320	9679,000
16,330	17343,000
16,340	7326,000
16,350	7382,000
16,360	7630,000
16,370	7586,000
16,380	7554,000
16,390	7614,000
16,400	7554,000
16,410	18639,000
16,420	7742,000
16,430	7668,000
16,440	7787,000
16,450	7720,000
16,460	7863,000
16,470	7845,000
16,480	16111,000
16,490	8014,000
16,500	7906,000
16,510	7852,000
16,520	8085,000
16,530	8085,000
16,540	8078,000
16,550	8008,000
16,560	8220,000
16,570	8234,000
16,580	8229,000
16,590	8454,000
16,600	8481,000
16,610	8560,000
16,620	8508,000
16,630	8560,000
16,640	8600,000
16,650	8618,000
16,660	8747,000
16,670	8594,000
16,680	8604,000
16,690	8615,000
16,700	8746,000
16,710	8726,000
16,720	8826,000
16,730	9045,000
16,740	8763,000
16,750	9031,000
16,760	9019,000
16,770	9063,000
16,780	9065,000
16,790	9153,000
16,800	9048,000
16,810	9061,000
16,820	9129,000
16,830	9240,000
16,840	9401,000
16,850	9527,000
16,860	9468,000
16,870	21599,000
16,880	9476,000
16,890	9517,000
16,900	9512,000
16,910	9479,000
16,920	9633,000
16,930	9736,000
16,940	9456,000
16,950	9629,000
16,960	9872,000
16,970	9588,000
16,980	9878,000
16,990	9856,000
17,000	9896,000
17,010	10062,000
17,020	17631,000
17,030	10043,000
17,040	9947,000
17,050	9884,000
17,060	10026,000
17,070	10131,000
17,080	9952,000
17,090	10236,000
17,100	10171,000
17,110	10187,000
17,120	10116,000
17,130	10252,000
17,140	10222,000
17,150	10300,000
17,160	10268,000
17,170	10301,000
17,180	10387,000
17,190	10334,000
17,200	10456,000
17,210	10300,000
17,220	10386,000
17,230	10414,000
17,240	10577,000
17,250	10526,000
17,260	10705,000
17,270	10657,000
17,280	10814,000
17,290	10798,000
17,300	10746,000
17,310	10652,000
17,320	10569,000
17,330	10871,000
17,340	10701,000
17,350	10829,000
17,360	10807,000
17,370	10968,000
17,380	10883,000
17,390	11002,000
17,400	10800,000
17,410	10977,000
17,420	10989,000
17,430	10853,000
17,440	10935,000
17,450	11098,000
17,460	11139,000
17,470	11082,000
17,480	11274,000
17,490	11088,000
17,500	11079,000
17,510	11112,000
17,520	11259,000
17,530	11351,000
17,540	11089,000
17,550	11345,000
17,560	11254,000
17,570	11326,000
17,580	11245,000
17,590	11288,000
17,600	11258,000
17,610	11523,000
17,620	11321,000
17,630	11612,000
17,640	11238,000
17,650	11312,000
17,660	11640,000
17,670	11449,000
17,680	11634,000
17,690	11565,000
17,700	11445,000
17,710	11474,000
17,720	11723,000
17,730	28335,000
17,740	11801,000
17,750	11585,000
17,760	11514,000
17,770	11481,000
17,780	11750,000
17,790	11674,000
17,800	11656,000
17,810	11729,000
17,820	11666,000
17,830	11641,000
17,840	11552,000
17,850	11590,000
17,860	11799,000
17,870	11622,000
17,880	11696,000
17,890	11981,000
17,900	11812,000
17,910	11830,000
17,920	11673,000
17,930	11949,000
17,940	11825,000
17,950	11873,000
17,960	11801,000
17,970	11900,000
17,980	11971,000
17,990	11940,000
18,000	11877,000
18,010	11962,000
18,020	11912,000
18,030	11694,000
18,040	11993,000
18,050	12165,000
18,060	11965,000
18,070	11792,000
18,080	11979,000
18,090	12199,000
18,100	12028,000
18,110	11998,000
18,120	11862,000
18,130	29551,000
18,140	12119,000
18,150	11886,000
18,160	22511,000
18,170	12212,000
18,180	23199,000
18,190	11993,000
18,200	11937,000
18,210	30063,000
18,220	12295,000
18,230	12203,000
18,240	11992,000
18,250	12056,000
18,260	12202,000
18,270	12396,000
18,280	12151,000
18,290	12342,000
18,300	12141,000
18,310	12182,000
18,320	12153,000
18,330	12091,000
18,340	12147,000
18,350	12256,000
18,360	12196,000
18,370	28959,000
18,380	12259,000
18,390	12177,000
18,400	12387,000
18,410	12345,000
18,420	12309,000
18,430	12373,000
18,440	12174,000
18,450	12243,000
18,460	12484,000
18,470	12445,000
18,480	12496,000
18,490	12320,000
18,500	12513,000
18,510	12354,000
18,520	12312,000
18,530	12340,000
18,540	12328,000
18,550	12571,000
18,560	12373,000
18,570	12437,000
18,580	12513,000
18,590	12504,000
18,600	12550,000
18,610	31551,000
18,620	12632,000
18,630	12707,000
18,640	12611,000
18,650	12450,000
18,660	12497,000
18,670	12728,000
18,680	12582,000
18,690	30591,000
18,700	12701,000
18,710	12658,000
18,720	12433,000
18,730	12761,000
18,740	12763,000
18,750	12583,000
18,760	12874,000
18,770	12691,000
18,780	12691,000
18,790	12691,000
18,800	12763,000
18,810	12722,000
18,820	12749,000
18,830	12493,000
18,840	12888,000
18,850	12784,000
18,860	12898,000
18,870	12579,000
18,880	12830,000
18,890	12917,000
18,900	12884,000
18,910	12690,000
18,920	12849,000
18,930	12806,000
18,940	12850,000
18,950	12978,000
18,960	12775,000
18,970	12809,000
18,980	13149,000
18,990	12972,000
19,000	13161,000
19,010	12894,000
19,020	13122,000
19,030	13099,000
19,040	12976,000
19,050	13075,000
19,060	12890,000
19,070	12945,000
19,080	13101,000
19,090	13132,000
19,100	21839,000
19,110	13052,000
19,120	13066,000
19,130	13379,000
19,140	12867,000
19,150	13251,000
19,160	13288,000
19,170	13174,000
19,180	13273,000
19,190	13156,000
19,200	13058,000
19,210	13172,000
19,220	13230,000
19,230	13280,000
19,240	13321,000
19,250	13441,000
19,260	13277,000
19,270	13192,000
19,280	13171,000
19,290	13294,000
19,300	13182,000
19,310	13298,000
19,320	13488,000
19,330	13325,000
19,340	13424,000
19,350	13332,000
19,360	13588,000
19,370	13333,000
19,380	13629,000
19,390	13361,000
19,400	13418,000
19,410	13555,000
19,420	13539,000
19,430	13492,000
19,440	13403,000
19,450	13277,000
19,460	13333,000
19,470	13548,000
19,480	13402,000
19,490	13653,000
19,500	13589,000
19,510	13626,000
19,520	13779,000
19,530	13717,000
19,540	13366,000
19,550	13396,000
19,560	13665,000
19,570	13513,000
19,580	13763,000
19,590	13505,000
19,600	13442,000
19,610	13408,000
19,620	13547,000
19,630	13614,000
19,640	13475,000
19,650	13494,000
19,660	13723,000
19,670	13691,000
19,680	24111,000
19,690	13748,000
19,700	13735,000
19,710	13723,000
19,720	13860,000
19,730	13918,000
19,740	13816,000
19,750	13708,000
19,760	13814,000
19,770	13645,000
19,780	13828,000
19,790	13779,000
19,800	23663,000
19,810	13946,000
19,820	13922,000
19,830	13726,000
19,840	13785,000
19,850	13773,000
19,860	13739,000
19,870	13630,000
19,880	13683,000
19,890	13837,000
19,900	20495,000
19,910	13865,000
19,920	13512,000
19,930	13633,000
19,940	13814,000
19,950	13780,000
19,960	13634,000
19,970	13845,000
19,980	14033,000
19,990	13952,000
20,000	13682,000
20,010	13673,000
20,020	13672,000
20,030	34287,000
20,040	13568,000
20,050	13820,000
20,060	13721,000
20,070	13697,000
20,080	13713,000
20,090	13619,000
20,100	13554,000
20,110	13715,000
20,120	13560,000
20,130	13580,000
20,140	13536,000
20,150	13789,000
20,160	13533,000
20,170	13858,000
20,180	13652,000
20,190	13590,000
20,200	13726,000
20,210	13518,000
20,220	13786,000
20,230	13596,000
20,240	13867,000
20,250	33615,000
20,260	13466,000
20,270	13505,000
20,280	13527,000
20,290	13557,000
20,300	13517,000
20,310	13485,000
20,320	13769,000
20,330	13683,000
20,340	13398,000
20,350	13457,000
20,360	13552,000
20,370	32143,000
20,380	13456,000
20,390	13573,000
20,400	13464,000
20,410	13346,000
20,420	13480,000
20,430	13606,000
20,440	13347,000
20,450	13198,000
20,460	13564,000
20,470	13370,000
20,480	13201,000
20,490	13166,000
20,500	13280,000
20,510	13269,000
20,520	13075,000
20,530	13291,000
20,540	13300,000
20,550	13392,000
20,560	13309,000
20,570	30751,000
20,580	13175,000
20,590	13031,000
20,600	13131,000
20,610	13075,000
20,620	13125,000
20,630	12852,000
20,640	13041,000
20,650	31759,000
20,660	12951,000
20,670	13060,000
20,680	13068,000
20,690	12821,000
20,700	21551,000
20,710	12998,000
20,720	12877,000
20,730	12826,000
20,740	12617,000
20,750	12922,000
20,760	12727,000
20,770	12801,000
20,780	12761,000
20,790	12587,000
20,800	12579,000
20,810	12621,000
20,820	12556,000
20,830	12550,000
20,840	12593,000
20,850	12564,000
20,860	12448,000
20,870	12258,000
20,880	12567,000
20,890	12281,000
20,900	12684,000
20,910	12384,000
20,920	12472,000
20,930	12134,000
20,940	24271,000
20,950	12265,000
20,960	12189,000
20,970	12057,000
20,980	23087,000
20,990	11907,000
21,000	12227,000
21,010	12170,000
21,020	12102,000
21,030	11849,000
21,040	11799,000
21,050	11960,000
21,060	11824,000
21,070	11646,000
21,080	11772,000
21,090	11449,000
21,100	11792,000
21,110	11768,000
21,120	11593,000
21,130	11619,000
21,140	11700,000
21,150	11658,000
21,160	11404,000
21,170	11562,000
21,180	11480,000
21,190	11428,000
21,200	11634,000
21,210	11268,000
21,220	11288,000
21,230	11384,000
21,240	11065,000
21,250	11285,000
21,260	11088,000
21,270	11292,000
21,280	11015,000
21,290	11221,000
21,300	11054,000
21,310	10983,000
21,320	11021,000
21,330	11013,000
21,340	10956,000
21,350	10794,000
21,360	10777,000
21,370	10941,000
21,380	10794,000
21,390	10565,000
21,400	10526,000
21,410	10466,000
21,420	19903,000
21,430	10521,000
21,440	10494,000
21,450	10417,000
21,460	10338,000
21,470	10296,000
21,480	10281,000
21,490	10251,000
21,500	10245,000
21,510	10073,000
21,520	10054,000
21,530	9949,000
21,540	10141,000
21,550	10026,000
21,560	10083,000
21,570	9948,000
21,580	9710,000
21,590	9792,000
21,600	9810,000
21,610	9626,000
21,620	9656,000
21,630	9479,000
21,640	9514,000
21,650	9383,000
21,660	9628,000
21,670	9523,000
21,680	9504,000
21,690	9392,000
21,700	9472,000
21,710	9277,000
21,720	9323,000
21,730	9188,000
21,740	9195,000
21,750	21839,000
21,760	14191,000
21,770	8984,000
21,780	8868,000
21,790	9201,000
21,800	9002,000
21,810	8802,000
21,820	8725,000
21,830	8850,000
21,840	8840,000
21,850	8518,000
21,860	8641,000
21,870	8673,000
21,880	8454,000
21,890	8553,000
21,900	8465,000
21,910	20143,000
21,920	8268,000
21,930	8208,000
21,940	8257,000
21,950	8341,000
21,960	8273,000
21,970	8013,000
21,980	8243,000
21,990	8168,000
22,000	7976,000
22,010	8028,000
22,020	7734,000
22,030	7894,000
22,040	7872,000
22,050	7930,000
22,060	7761,000
22,070	7618,000
22,080	7730,000
22,090	7625,000
22,100	7516,000
22,110	7524,000
22,120	7561,000
22,130	7529,000
22,140	7465,000
22,150	7218,000
22,160	7507,000
22,170	7504,000
22,180	7257,000
22,190	7383,000
22,200	7246,000
22,210	7082,000
22,220	6984,000
22,230	6942,000
22,240	7147,000
22,250	6867,000
22,260	6953,000
22,270	6789,000
22,280	6857,000
22,290	6807,000
22,300	6771,000
22,310	6620,000
22,320	6551,000
22,330	6781,000
22,340	6727,000
22,350	6492,000
22,360	6584,000
22,370	6404,000
22,380	6537,000
22,390	15807,000
22,400	6385,000
22,410	6250,000
22,420	6305,000
22,430	6240,000
22,440	6199,000
22,450	6093,000
22,460	6121,000
22,470	5982,000
22,480	6039,000
22,490	5980,000
22,500	6060,000
22,510	13759,000
22,520	5813,000
22,530	5927,000
22,540	5793,000
22,550	5909,000
22,560	5670,000
22,570	5564,000
22,580	5629,000
22,590	5666,000
22,600	5684,000
22,610	5456,000
22,620	10015,000
22,630	5291,000
22,640	10207,000
22,650	5446,000
22,660	5272,000
22,670	5292,000
22,680	5270,000
22,690	5258,000
22,700	5363,000
22,710	5122,000
22,720	5205,000
22,730	4997,000
22,740	5083,000
22,750	5108,000
22,760	4963,000
22,770	4915,000
22,780	4817,000
22,790	4942,000
22,800	4841,000
22,810	5015,000
22,820	4827,000
22,830	4711,000
22,840	7855,000
22,850	4577,000
22,860	7535,000
22,870	4684,000
22,880	4597,000
22,890	4470,000
22,900	4675,000
22,910	4541,000
22,920	4513,000
22,930	4466,000
22,940	4457,000
22,950	10991,000
22,960	4363,000
22,970	4324,000
22,980	4292,000
22,990	4307,000
23,000	4276,000
23,010	4329,000
23,020	4240,000
23,030	4181,000
23,040	4078,000
23,050	4110,000
23,060	6111,000
23,070	3963,000
23,080	3956,000
23,090	4064,000
23,100	3979,000
23,110	3847,000
23,120	3973,000
23,130	3897,000
23,140	3770,000
23,150	3780,000
23,160	3800,000
23,170	3669,000
23,180	3790,000
23,190	3720,000
23,200	3769,000
23,210	3560,000
23,220	3629,000
23,230	3652,000
23,240	3513,000
23,250	3472,000
23,260	3572,000
23,270	3590,000
23,280	3380,000
23,290	3408,000
23,300	3560,000
23,310	3348,000
23,320	3461,000
23,330	3381,000
23,340	3374,000
23,350	3291,000
23,360	3285,000
23,370	3237,000
23,380	3326,000
23,390	3180,000
23,400	3278,000
23,410	3217,000
23,420	3139,000
23,430	3161,000
23,440	3114,000
23,450	3100,000
23,460	3086,000
23,470	3083,000
23,480	3013,000
23,490	3054,000
23,500	2949,000
23,510	3042,000
23,520	2855,000
23,530	2978,000
23,540	2909,000
23,550	2843,000
23,560	2875,000
23,570	2848,000
23,580	2820,000
23,590	2828,000
23,600	7663,000
23,610	2849,000
23,620	2790,000
23,630	2817,000
23,640	2826,000
23,650	2659,000
23,660	2745,000
23,670	6623,000
23,680	2679,000
23,690	2678,000
23,700	2659,000
23,710	2691,000
23,720	2680,000
23,730	6591,000
23,740	2630,000
23,750	2498,000
23,760	2556,000
23,770	2519,000
23,780	2448,000
23,790	2428,000
23,800	2489,000
23,810	2419,000
23,820	2419,000
23,830	2425,000
23,840	2403,000
23,850	2353,000
23,860	2223,000
23,870	2377,000
23,880	1711,000
23,890	2286,000
23,900	2251,000
23,910	2217,000
23,920	2266,000
23,930	2257,000
23,940	2291,000
23,950	2235,000
23,960	1519,000
23,970	2209,000
23,980	2202,000
23,990	2215,000
24,000	2181,000
24,010	2084,000
24,020	2125,000
24,030	2252,000
24,040	2133,000
24,050	2142,000
24,060	2078,000
24,070	2050,000
24,080	2052,000
24,090	2099,000
24,100	2029,000
24,110	2033,000
24,120	2082,000
24,130	2002,000
24,140	1927,000
24,150	2027,000
24,160	1996,000
24,170	1976,000
24,180	1924,000
24,190	1921,000
24,200	1870,000
24,210	1858,000
24,220	1870,000
24,230	1877,000
24,240	1939,000
24,250	1902,000
24,260	1857,000
24,270	1790,000
24,280	1247,000
24,290	1822,000
24,300	1880,000
24,310	1778,000
24,320	1761,000
24,330	1785,000
24,340	1852,000
24,350	1761,000
24,360	1803,000
24,370	1794,000
24,380	1783,000
24,390	1720,000
24,400	1799,000
24,410	1767,000
24,420	1715,000
24,430	1777,000
24,440	1707,000
24,450	1665,000
24,460	1694,000
24,470	1694,000
24,480	1705,000
24,490	1704,000
24,500	1619,000
24,510	1669,000
24,520	1661,000
24,530	1641,000
24,540	1562,000
24,550	1644,000
24,560	1637,000
24,570	1576,000
24,580	1580,000
24,590	1609,000
24,600	4095,000
24,610	1558,000
24,620	1594,000
24,630	1478,000
24,640	1603,000
24,650	1588,000
24,660	1496,000
24,670	1555,000
24,680	1509,000
24,690	1542,000
24,700	1526,000
24,710	1545,000
24,720	1554,000
24,730	1533,000
24,740	1509,000
24,750	1453,000
24,760	63,000
24,770	1458,000
24,780	1452,000
24,790	1451,000
24,800	1430,000
24,810	1500,000
24,820	1469,000
24,830	1438,000
24,840	1393,000
24,850	1444,000
24,860	1480,000
24,870	1400,000
24,880	1425,000
24,890	1397,000
24,900	1444,000
24,910	1381,000
24,920	1360,000
24,930	1389,000
24,940	1416,000
24,950	1419,000
24,960	1401,000
24,970	1400,000
24,980	1367,000
24,990	1323,000
25,000	1324,000
25,010	1410,000
25,020	1396,000
25,030	1341,000
25,040	1329,000
25,050	1382,000
25,060	1332,000
25,070	1329,000
25,080	1294,000
25,090	1384,000
25,100	1261,000
25,110	1306,000
25,120	1344,000
25,130	1272,000
25,140	1249,000
25,150	1292,000
25,160	1273,000
25,170	1276,000
25,180	1310,000
25,190	1331,000
25,200	1242,000
25,210	2943,000
25,220	1200,000
25,230	1299,000
25,240	1272,000
25,250	1290,000
25,260	1257,000
25,270	2831,000
25,280	1222,000
25,290	1187,000
25,300	1170,000
25,310	1212,000
25,320	1212,000
25,330	1194,000
25,340	1304,000
25,350	1187,000
25,360	1283,000
25,370	1156,000
25,380	1269,000
25,390	1145,000
25,400	1196,000
25,410	1195,000
25,420	1214,000
25,430	1214,000
25,440	1202,000
25,450	1251,000
25,460	1153,000
25,470	1149,000
25,480	1166,000
25,490	1241,000
25,500	1229,000
25,510	1181,000
25,520	1114,000
25,530	1179,000
25,540	2991,000
25,550	1211,000
25,560	1174,000
25,570	1237,000
25,580	1174,000
25,590	1155,000
25,600	1223,000
25,610	1196,000
25,620	1182,000
25,630	1124,000
25,640	1142,000
25,650	1161,000
25,660	1146,000
25,670	1127,000
25,680	1174,000
25,690	1156,000
25,700	1120,000
25,710	1138,000
25,720	1131,000
25,730	1117,000
25,740	1097,000
25,750	1092,000
25,760	1081,000
25,770	1153,000
25,780	2943,000
25,790	1084,000
25,800	1053,000
25,810	1028,000
25,820	1155,000
25,830	1097,000
25,840	1095,000
25,850	1095,000
25,860	1051,000
25,870	1149,000
25,880	1080,000
25,890	1097,000
25,900	1062,000
25,910	1123,000
25,920	2927,000
25,930	1106,000
25,940	1110,000
25,950	1068,000
25,960	1049,000
25,970	1102,000
25,980	1106,000
25,990	1064,000
26,000	1149,000
26,010	1072,000
26,020	1006,000
26,030	1088,000
26,040	1060,000
26,050	1049,000
26,060	1094,000
26,070	1113,000
26,080	1044,000
26,090	1068,000
26,100	1063,000
26,110	1113,000
26,120	1058,000
26,130	1100,000
26,140	1016,000
26,150	988,000
26,160	1036,000
26,170	1019,000
26,180	999,000
26,190	1090,000
26,200	1022,000
26,210	1078,000
26,220	1005,000
26,230	1037,000
26,240	1056,000
26,250	1028,000
26,260	1016,000
26,270	955,000
26,280	1085,000
26,290	1092,000
26,300	1022,000
26,310	995,000
26,320	989,000
26,330	1038,000
26,340	982,000
26,350	1095,000
26,360	1052,000
26,370	961,000
26,380	1042,000
26,390	1018,000
26,400	955,000
26,410	1052,000
26,420	1020,000
26,430	1014,000
26,440	2591,000
26,450	1010,000
26,460	1034,000
26,470	983,000
26,480	1029,000
26,490	994,000
26,500	980,000
26,510	1084,000
26,520	1038,000
26,530	967,000
26,540	1022,000
26,550	1010,000
26,560	1014,000
26,570	1037,000
26,580	1053,000
26,590	1016,000
26,600	989,000
26,610	966,000
26,620	1002,000
26,630	978,000
26,640	1035,000
26,650	954,000
26,660	1017,000
26,670	954,000
26,680	1028,000
26,690	1035,000
26,700	949,000
26,710	980,000
26,720	983,000
26,730	999,000
26,740	989,000
26,750	989,000
26,760	967,000
26,770	969,000
26,780	1006,000
26,790	992,000
26,800	980,000
26,810	1063,000
26,820	929,000
26,830	2255,000
26,840	970,000
26,850	962,000
26,860	987,000
26,870	969,000
26,880	1016,000
26,890	967,000
26,900	932,000
26,910	997,000
26,920	989,000
26,930	1008,000
26,940	935,000
26,950	990,000
26,960	957,000
26,970	988,000
26,980	939,000
26,990	970,000
27,000	939,000
27,010	907,000
27,020	974,000
27,030	997,000
27,040	2367,000
27,050	972,000
27,060	1000,000
27,070	985,000
27,080	989,000
27,090	985,000
27,100	978,000
27,110	964,000
27,120	960,000
27,130	1029,000
27,140	952,000
27,150	990,000
27,160	935,000
27,170	907,000
27,180	1011,000
27,190	962,000
27,200	2351,000
27,210	978,000
27,220	935,000
27,230	934,000
27,240	981,000
27,250	933,000
27,260	924,000
27,270	960,000
27,280	2703,000
27,290	923,000
27,300	915,000
27,310	953,000
27,320	951,000
27,330	920,000
27,340	986,000
27,350	2271,000
27,360	2671,000
27,370	2511,000
27,380	897,000
27,390	904,000
27,400	929,000
27,410	967,000
27,420	945,000
27,430	976,000
27,440	926,000
27,450	967,000
27,460	918,000
27,470	979,000
27,480	926,000
27,490	964,000
27,500	907,000
27,510	977,000
27,520	945,000
27,530	924,000
27,540	938,000
27,550	958,000
27,560	952,000
27,570	890,000
27,580	934,000
27,590	908,000
27,600	2847,000
27,610	951,000
27,620	904,000
27,630	978,000
27,640	941,000
27,650	997,000
27,660	986,000
27,670	937,000
27,680	931,000
27,690	924,000
27,700	960,000
27,710	930,000
27,720	2383,000
27,730	989,000
27,740	916,000
27,750	997,000
27,760	947,000
27,770	2767,000
27,780	944,000
27,790	898,000
27,800	923,000
27,810	938,000
27,820	905,000
27,830	947,000
27,840	898,000
27,850	917,000
27,860	917,000
27,870	925,000
27,880	914,000
27,890	922,000
27,900	941,000
27,910	859,000
27,920	932,000
27,930	960,000
27,940	952,000
27,950	892,000
27,960	966,000
27,970	896,000
27,980	962,000
27,990	948,000
28,000	874,000
28,010	924,000
28,020	947,000
28,030	971,000
28,040	920,000
28,050	949,000
28,060	917,000
28,070	915,000
28,080	888,000
28,090	954,000
28,100	946,000
28,110	940,000
28,120	919,000
28,130	890,000
28,140	919,000
28,150	941,000
28,160	948,000
28,170	944,000
28,180	903,000
28,190	874,000
28,200	915,000
28,210	968,000
28,220	938,000
28,230	912,000
28,240	2703,000
28,250	958,000
28,260	928,000
28,270	956,000
28,280	916,000
28,290	941,000
28,300	951,000
28,310	894,000
28,320	916,000
28,330	940,000
28,340	967,000
28,350	864,000
28,360	940,000
28,370	955,000
28,380	953,000
28,390	891,000
28,400	938,000
28,410	920,000
28,420	910,000
28,430	979,000
28,440	899,000
28,450	918,000
28,460	955,000
28,470	960,000
28,480	923,000
28,490	918,000
28,500	913,000
28,510	922,000
28,520	961,000
28,530	970,000
28,540	903,000
28,550	934,000
28,560	925,000
28,570	966,000
28,580	904,000
28,590	923,000
28,600	868,000
28,610	957,000
28,620	944,000
28,630	914,000
28,640	928,000
28,650	925,000
28,660	926,000
28,670	957,000
28,680	947,000
28,690	936,000
28,700	958,000
28,710	913,000
28,720	930,000
28,730	942,000
28,740	924,000
28,750	900,000
28,760	923,000
28,770	915,000
28,780	925,000
28,790	948,000
28,800	904,000
28,810	907,000
28,820	936,000
28,830	886,000
28,840	925,000
28,850	932,000
28,860	934,000
28,870	939,000
28,880	883,000
28,890	902,000
28,900	905,000
28,910	877,000
28,920	883,000
28,930	924,000
28,940	913,000
28,950	902,000
28,960	872,000
28,970	881,000
28,980	941,000
28,990	914,000
29,000	849,000
29,010	848,000
29,020	934,000
29,030	906,000
29,040	877,000
29,050	915,000
29,060	909,000
29,070	944,000
29,080	945,000
29,090	924,000
29,100	919,000
29,110	948,000
29,120	855,000
29,130	974,000
29,140	901,000
29,150	871,000
29,160	882,000
29,170	921,000
29,180	914,000
29,190	881,000
29,200	941,000
29,210	915,000
29,220	903,000
29,230	852,000
29,240	889,000
29,250	871,000
29,260	2383,000
29,270	917,000
29,280	901,000
29,290	891,000
29,300	907,000
29,310	917,000
29,320	904,000
29,330	952,000
29,340	886,000
29,350	881,000
29,360	872,000
29,370	881,000
29,380	2543,000
29,390	2415,000
29,400	929,000
29,410	914,000
29,420	924,000
29,430	797,000
29,440	910,000
29,450	891,000
29,460	912,000
29,470	902,000
29,480	935,000
29,490	917,000
29,500	2383,000
29,510	853,000
29,520	884,000
29,530	890,000
29,540	868,000
29,550	899,000
29,560	947,000
29,570	884,000
29,580	917,000
29,590	951,000
29,600	928,000
29,610	945,000
29,620	2191,000
29,630	891,000
29,640	891,000
29,650	966,000
29,660	935,000
29,670	923,000
29,680	890,000
29,690	871,000
29,700	913,000
29,710	875,000
29,720	928,000
29,730	899,000
29,740	896,000
29,750	903,000
29,760	876,000
29,770	886,000
29,780	897,000
29,790	893,000
29,800	2703,000
29,810	944,000
29,820	931,000
29,830	942,000
29,840	876,000
29,850	2111,000
29,860	925,000
29,870	901,000
29,880	892,000
29,890	922,000
29,900	936,000
29,910	933,000
29,920	901,000
29,930	2239,000
29,940	897,000
29,950	921,000
29,960	898,000
29,970	882,000
29,980	869,000
29,990	882,000
30,000	0,000
